layout_spectrum: 0.9247312
typography_spectrum: 0.2706093
color:
  saturation: 0.2058956
  lightness: 0.1690009
  brandStrength: 0.1883055
  rhythmicContrast: 0.6439626
name: JComputerRepair
